% Copyright (C) 2016, Northwestern University
% See COPYRIGHT notice in top-level directory.
function [c,ceq] = constraintFun2(x)

% input x is the first 75 factors (1*75)
% the constraint is kept to be c <= 0

x = x';

constraint = [0.0159822999947858,0.00818178632407973,0.00818178632407973,0.00818178632407973,0.00818178632407973,0.00818178632407973,0.00818178632407973,0.00613766636477021,0.00572645585112265,0.00572645585112265,0.00613766636477021,0.00572645585112265,0.00572645585112265,0.00572645585112265,0.00613766636477021,0.00572645585112265,0.00572645585112265,0.00572645585112265,0.00572645585112265,0.00572645585112265,0.00613766636477021,0.00572645585112265,0.00613766636477021,0.00572645585112265,0.00572645585112265,0.00572645585112265,0.00572645585112265,0.00572645585112265,0.00613766636477021,0.00613766636477021,0.00613766636477021,0.00376140480720866,0.00376140480720866,0.00376140480720866,0.00454084416782057,0.00454084416700527,0.00454084416700527,0.00454084416782057,0.00454084416782057,0.00454084416700527,0.00454084416782057,0.00454084416700527,0.00454084416700527,0.00454084416782057,0.00454084416700527,0.00454084416782057,0.00454084416782057,0.00454084416782057,0.00454084416782057,0.00454084416700527,0.00454084416700527,0.00454084416700527,0.00454084416700527,0.00454084416782057,0.00454084416700527,0.00454084416700527,0.00454084416782057,0.00454084416782057,0.00541192129558303,0.00495535011431222,0.00495535011431222,0.00541192129558303,0.00495535011431222,0.00541192129558303,0.00541192129558303,0.00541192129558303,0.00541192129558303,0.00541192129558303,0.00495535011431222,0.00541192129558303,0.00398197813454777,0.00398197813454777,0.00398197813454777,0.00398197813454777,0.00398197813454777,0.00398197813454777];

c = constraint(1:75) * x - 1;

ceq = [];
